1 0.12734375 0.1296875 0.1734375 0.228125
1 0.87578125 0.3765625 0.1734375 0.2375
1 0.1234375 0.63125 0.18125 0.23125
0 0.378125 0.11875 0.19375 0.225
0 0.61640625 0.1296875 0.1921875 0.2125
0 0.6265625 0.371875 0.184375 0.228125
0 0.62734375 0.625 0.1703125 0.2375
0 0.1234375 0.87734375 0.18125 0.2140625
0 0.62109375 0.8796875 0.2015625 0.240625
0 0.871875 0.884375 0.175 0.21875
2 0.878125 0.121875 0.1875 0.23125
1 0.37734375 0.3703125 0.2015625 0.228125
3 0.1234375 0.3796875 0.209375 0.228125
3 0.3765625 0.621875 0.221875 0.23125
3 0.8796875 0.63125 0.209375 0.225
3 0.3703125 0.8828125 0.20625 0.225