0 0.1296875 0.1296875 0.1875 0.228125
0 0.875 0.1234375 0.184375 0.2375
0 0.13125 0.3796875 0.228125 0.228125
0 0.134375 0.6359375 0.21875 0.221875
4 0.3734375 0.12421875 0.190625 0.2359375
4 0.6203125 0.63203125 0.184375 0.2234375
4 0.61875 0.8828125 0.2 0.221875
3 0.615625 0.128125 0.19375 0.221875
3 0.878125 0.384375 0.221875 0.228125
3 0.12109375 0.8765625 0.2015625 0.225
3 0.8765625 0.6296875 0.184375 0.2125
1 0.3703125 0.37421875 0.221875 0.2359375
1 0.37421875 0.62890625 0.1703125 0.2234375
1 0.3765625 0.88125 0.175 0.225
2 0.6265625 0.371875 0.184375 0.228125
2 0.875 0.88046875 0.175 0.2328125