2 0.1265625 0.1265625 0.184375 0.225
2 0.87421875 0.13125 0.2046875 0.215625
2 0.8609375 0.38203125 0.175 0.2234375
2 0.371875 0.625 0.18125 0.225
2 0.87109375 0.62578125 0.1921875 0.2359375
2 0.86640625 0.88515625 0.1828125 0.2234375
4 0.365625 0.13125 0.175 0.209375
4 0.12421875 0.38125 0.1921875 0.225
4 0.3796875 0.88125 0.178125 0.23125
3 0.63203125 0.1265625 0.1828125 0.225
3 0.3703125 0.384375 0.21875 0.2125
3 0.62578125 0.3859375 0.1609375 0.209375
3 0.625 0.8796875 0.19375 0.221875
0 0.1234375 0.63515625 0.18125 0.2234375
0 0.12109375 0.875 0.1734375 0.21875
1 0.6203125 0.6234375 0.190625 0.221875