4 0.1203125 0.12421875 0.175 0.2234375
4 0.38203125 0.125 0.2046875 0.215625
4 0.12421875 0.3765625 0.1828125 0.225
4 0.8765625 0.6296875 0.19375 0.21875
4 0.13125 0.87578125 0.175 0.2328125
0 0.625 0.13515625 0.215625 0.2234375
0 0.36875 0.88515625 0.18125 0.2234375
2 0.87265625 0.13515625 0.1828125 0.2234375
2 0.378125 0.3765625 0.221875 0.2375
2 0.6109375 0.3828125 0.20625 0.221875
2 0.37421875 0.634375 0.1921875 0.2125
2 0.8734375 0.8796875 0.2 0.23125
2 0.63125 0.6234375 0.175 0.221875
1 0.875 0.38046875 0.1875 0.2140625
1 0.128125 0.63125 0.18125 0.225
3 0.625 0.8765625 0.2 0.2375