4 0.86875 0.12890625 0.215625 0.2328125
1 0.6265625 0.1296875 0.1875 0.228125
0 0.3796875 0.134375 0.225 0.2125
1 0.125 0.1359375 0.190625 0.21875
0 0.87734375 0.3890625 0.2015625 0.2125
2 0.6265625 0.37734375 0.20625 0.2546875
0 0.3828125 0.384375 0.19375 0.18125
0 0.1359375 0.3859375 0.178125 0.2375
3 0.8734375 0.6421875 0.19375 0.21875
2 0.63359375 0.634375 0.2046875 0.221875
3 0.37890625 0.634375 0.2015625 0.221875
1 0.121875 0.6328125 0.209375 0.228125
3 0.86796875 0.89296875 0.2140625 0.2140625
3 0.62734375 0.89375 0.2140625 0.2125
2 0.378125 0.884375 0.225 0.23125
1 0.11875 0.88203125 0.23125 0.2359375