0 0.1171875 0.1265625 0.215625 0.23125
0 0.37421875 0.1328125 0.2046875 0.21875
0 0.6390625 0.6328125 0.159375 0.21875
3 0.62578125 0.12890625 0.2046875 0.2359375
3 0.88203125 0.121875 0.1828125 0.225
3 0.1203125 0.384375 0.184375 0.228125
3 0.1328125 0.87734375 0.209375 0.2453125
3 0.38203125 0.88359375 0.1703125 0.2328125
3 0.6265625 0.8796875 0.215625 0.23125
2 0.3828125 0.38125 0.178125 0.21875
2 0.87578125 0.3765625 0.1734375 0.225
4 0.65 0.375 0.1875 0.2375
4 0.3734375 0.6296875 0.190625 0.228125
4 0.8703125 0.64140625 0.2125 0.2140625
4 0.87109375 0.88125 0.1734375 0.225
1 0.13046875 0.6359375 0.1515625 0.209375