3 0.128125 0.13359375 0.23125 0.2234375
3 0.63125 0.13046875 0.221875 0.2359375
3 0.8734375 0.1265625 0.2125 0.225
3 0.11875 0.6328125 0.18125 0.215625
3 0.3734375 0.63046875 0.196875 0.2046875
3 0.6203125 0.88828125 0.184375 0.2234375
2 0.378125 0.13125 0.2 0.21875
2 0.12265625 0.371875 0.1734375 0.228125
2 0.38125 0.37578125 0.165625 0.2328125
2 0.3640625 0.890625 0.21875 0.21875
4 0.6171875 0.38125 0.159375 0.209375
4 0.621875 0.634375 0.221875 0.225
0 0.875 0.37421875 0.20625 0.2359375
0 0.8734375 0.628125 0.20625 0.225
0 0.86953125 0.878125 0.1953125 0.24375
0 0.12734375 0.878125 0.1734375 0.24375