2 0.12265625 0.128125 0.2234375 0.221875
2 0.3765625 0.1265625 0.2125 0.228125
2 0.878125 0.13671875 0.196875 0.2140625
2 0.128125 0.6234375 0.2 0.228125
1 0.634375 0.13125 0.2125 0.215625
1 0.87734375 0.6234375 0.1828125 0.2375
1 0.13125 0.375 0.21875 0.2375
1 0.378125 0.6328125 0.215625 0.21875
1 0.6203125 0.6265625 0.184375 0.225
1 0.3765625 0.8890625 0.2 0.20625
1 0.61484375 0.88359375 0.1921875 0.2328125
0 0.37421875 0.3796875 0.2140625 0.240625
0 0.8734375 0.890625 0.165625 0.21875
0 0.6265625 0.37890625 0.20625 0.2234375
0 0.87109375 0.3828125 0.1703125 0.225
0 0.1234375 0.88125 0.153125 0.23125