1 0.87890625 0.128125 0.2015625 0.24375
0 0.62109375 0.128125 0.2328125 0.240625
2 0.37578125 0.128125 0.2046875 0.2375
1 0.125 0.12578125 0.25 0.2359375
2 0.87890625 0.3703125 0.2140625 0.23125
4 0.62265625 0.375 0.2328125 0.23125
3 0.378125 0.37890625 0.21875 0.2234375
4 0.115625 0.3796875 0.23125 0.240625
2 0.871875 0.63203125 0.21875 0.2140625
2 0.6265625 0.640625 0.209375 0.24375
3 0.378125 0.615625 0.215625 0.228125
3 0.12578125 0.634375 0.2015625 0.215625
0 0.87109375 0.875 0.2046875 0.25
0 0.6328125 0.88203125 0.19375 0.2359375
2 0.378125 0.8734375 0.184375 0.253125
0 0.115625 0.8796875 0.190625 0.240625