0 0.128125 0.1265625 0.209375 0.24375
4 0.4015625 0.125 0.19375 0.240625
0 0.6234375 0.1390625 0.2125 0.20625
0 0.878125 0.1390625 0.221875 0.2125
2 0.1390625 0.3734375 0.23125 0.2375
0 0.3796875 0.37734375 0.2 0.2328125
2 0.62109375 0.38125 0.2046875 0.2375
0 0.884375 0.3828125 0.19375 0.23125
3 0.125 0.62578125 0.209375 0.2453125
3 0.384375 0.6234375 0.2 0.246875
1 0.6234375 0.63984375 0.2 0.2359375
4 0.875 0.6296875 0.190625 0.221875
3 0.134375 0.88203125 0.2 0.2046875
1 0.3796875 0.87421875 0.184375 0.2140625
1 0.6328125 0.8859375 0.2125 0.225
0 0.8796875 0.8859375 0.228125 0.225