0 0.12734375 0.1296875 0.2015625 0.228125
1 0.3765625 0.121875 0.184375 0.228125
2 0.6265625 0.1265625 0.19375 0.225
2 0.88359375 0.1359375 0.1921875 0.21875
1 0.121875 0.3859375 0.184375 0.215625
0 0.3765625 0.3734375 0.175 0.221875
0 0.6234375 0.38515625 0.190625 0.2234375
1 0.88203125 0.3859375 0.1734375 0.225
3 0.1265625 0.63203125 0.225 0.2234375
4 0.378125 0.625 0.196875 0.221875
4 0.61953125 0.63125 0.2046875 0.225
0 0.8765625 0.625 0.190625 0.2375
2 0.1234375 0.8734375 0.175 0.253125
1 0.378125 0.88125 0.175 0.225
1 0.61875 0.878125 0.21875 0.24375
1 0.86796875 0.878125 0.1984375 0.24375