0 0.1234375 0.12265625 0.196875 0.2453125
4 0.36875 0.134375 0.1875 0.215625
0 0.625 0.1328125 0.19375 0.215625
2 0.8703125 0.1328125 0.1625 0.215625
2 0.11796875 0.3734375 0.1921875 0.221875
0 0.37734375 0.3859375 0.2046875 0.221875
2 0.63125 0.384375 0.18125 0.20625
4 0.88203125 0.3859375 0.1828125 0.225
1 0.11875 0.6234375 0.1875 0.225
3 0.3765625 0.63046875 0.184375 0.2328125
4 0.6296875 0.6234375 0.165625 0.23125
1 0.8796875 0.625 0.20625 0.221875
2 0.13515625 0.878125 0.1890625 0.24375
0 0.378125 0.8859375 0.16875 0.225
0 0.625 0.88203125 0.209375 0.2359375
2 0.86875 0.8734375 0.19375 0.253125