4 0.128125 0.128125 0.215625 0.23125
4 0.3796875 0.1265625 0.2 0.2
1 0.6296875 0.12578125 0.2 0.2328125
4 0.8796875 0.1328125 0.159375 0.21875
0 0.1125 0.37578125 0.225 0.2390625
4 0.371875 0.3734375 0.2125 0.225
2 0.6265625 0.3796875 0.23125 0.2375
4 0.8765625 0.3765625 0.190625 0.228125
0 0.1109375 0.6234375 0.1875 0.221875
4 0.3671875 0.63125 0.190625 0.228125
2 0.625 0.6265625 0.190625 0.221875
1 0.871875 0.6390625 0.18125 0.228125
1 0.12578125 0.878125 0.2046875 0.24375
2 0.37734375 0.87734375 0.1734375 0.2234375
3 0.6328125 0.88515625 0.184375 0.2140625
1 0.8765625 0.88359375 0.184375 0.2328125