2 0.1140625 0.128125 0.178125 0.221875
3 0.3734375 0.1265625 0.2 0.228125
0 0.6234375 0.1375 0.178125 0.2125
2 0.88046875 0.13125 0.1921875 0.228125
4 0.13203125 0.3796875 0.1921875 0.23125
2 0.3640625 0.38125 0.175 0.228125
3 0.6203125 0.3796875 0.2 0.23125
3 0.87734375 0.37734375 0.2046875 0.2359375
4 0.1234375 0.6234375 0.21875 0.24375
3 0.3609375 0.6203125 0.178125 0.2375
1 0.628125 0.6375 0.23125 0.21875
4 0.8796875 0.6265625 0.2 0.225
4 0.11640625 0.8859375 0.1734375 0.225
4 0.3703125 0.87578125 0.209375 0.2484375
3 0.61875 0.8859375 0.2 0.228125
1 0.878125 0.878125 0.175 0.24375