3 0.8640625 0.13125 0.190625 0.21875
4 0.6234375 0.1234375 0.14375 0.23125
3 0.3703125 0.1296875 0.2 0.23125
2 0.1234375 0.1328125 0.159375 0.21875
3 0.8765625 0.37734375 0.2 0.2328125
0 0.62890625 0.38671875 0.1828125 0.2140625
3 0.3765625 0.3765625 0.215625 0.240625
0 0.12890625 0.378125 0.2234375 0.240625
0 0.87890625 0.6265625 0.1921875 0.225
0 0.6296875 0.634375 0.221875 0.2125
3 0.37578125 0.6265625 0.2046875 0.21875
1 0.1203125 0.634375 0.20625 0.221875
2 0.8734375 0.87578125 0.19375 0.2484375
4 0.628125 0.8859375 0.196875 0.228125
3 0.38359375 0.884375 0.2140625 0.23125
1 0.12265625 0.88203125 0.1828125 0.2359375