2 0.1296875 0.13515625 0.184375 0.2140625
0 0.378125 0.134375 0.190625 0.225
0 0.61953125 0.121875 0.2046875 0.215625
3 0.8765625 0.1296875 0.196875 0.225
2 0.134375 0.37109375 0.2125 0.2359375
1 0.384375 0.37734375 0.19375 0.2234375
4 0.640625 0.378125 0.2125 0.240625
3 0.8734375 0.36875 0.209375 0.225
4 0.1203125 0.628125 0.209375 0.221875
0 0.3734375 0.6296875 0.2 0.221875
0 0.63046875 0.628125 0.1921875 0.240625
3 0.86875 0.628125 0.2 0.221875
4 0.13125 0.871875 0.18125 0.24375
3 0.3703125 0.87890625 0.184375 0.2234375
4 0.61953125 0.8875 0.1828125 0.21875
0 0.871875 0.8734375 0.2 0.253125