2 0.13515625 0.1296875 0.2140625 0.24375
4 0.375 0.128125 0.184375 0.225
4 0.621875 0.13125 0.2 0.225
2 0.8765625 0.140625 0.19375 0.228125
0 0.1296875 0.3859375 0.196875 0.2375
1 0.3765625 0.384375 0.18125 0.21875
0 0.62421875 0.3859375 0.2015625 0.2375
0 0.884375 0.37734375 0.2 0.2328125
1 0.11640625 0.634375 0.2046875 0.221875
2 0.3796875 0.6375 0.2125 0.190625
3 0.628125 0.64375 0.215625 0.2125
2 0.88203125 0.634375 0.2234375 0.228125
0 0.11484375 0.88203125 0.2140625 0.2234375
4 0.371875 0.88828125 0.2125 0.2234375
4 0.63125 0.89140625 0.19375 0.2171875
3 0.88125 0.890625 0.2125 0.21875