2 0.86484375 0.1296875 0.2140625 0.24375
4 0.625 0.128125 0.184375 0.225
4 0.378125 0.13125 0.2 0.225
2 0.1234375 0.140625 0.19375 0.228125
0 0.8703125 0.3859375 0.196875 0.2375
1 0.6234375 0.384375 0.18125 0.21875
0 0.37578125 0.3859375 0.2015625 0.2375
0 0.115625 0.37734375 0.2 0.2328125
1 0.88359375 0.634375 0.2046875 0.221875
2 0.6203125 0.6375 0.2125 0.190625
3 0.371875 0.64375 0.215625 0.2125
2 0.11796875 0.634375 0.2234375 0.228125
0 0.88515625 0.88203125 0.2140625 0.2234375
4 0.628125 0.88828125 0.2125 0.2234375
4 0.36875 0.89140625 0.19375 0.2171875
3 0.11875 0.890625 0.2125 0.21875