0 0.1171875 0.12265625 0.221875 0.2328125
0 0.37734375 0.12734375 0.2046875 0.2328125
0 0.61875 0.1109375 0.2 0.209375
3 0.8796875 0.11875 0.1875 0.23125
3 0.12265625 0.37890625 0.2046875 0.2359375
2 0.365625 0.3734375 0.21875 0.240625
1 0.628125 0.38125 0.1875 0.23125
0 0.8765625 0.3703125 0.209375 0.2375
1 0.125 0.6265625 0.209375 0.246875
1 0.3734375 0.61875 0.20625 0.2375
0 0.6265625 0.6265625 0.20625 0.23125
4 0.8734375 0.62734375 0.221875 0.2453125
0 0.1234375 0.8796875 0.19375 0.240625
2 0.37421875 0.87578125 0.2109375 0.2484375
2 0.63359375 0.875 0.1828125 0.25
2 0.8859375 0.88046875 0.19375 0.2328125