4 0.871875 0.121875 0.1875 0.221875
3 0.63125 0.12421875 0.209375 0.2234375
0 0.3734375 0.13125 0.20625 0.215625
0 0.121875 0.140625 0.209375 0.209375
1 0.86875 0.3734375 0.19375 0.209375
1 0.621875 0.371875 0.23125 0.24375
2 0.3734375 0.38203125 0.2375 0.2359375
0 0.1265625 0.3828125 0.253125 0.2375
4 0.8765625 0.6296875 0.2 0.228125
4 0.63125 0.62734375 0.21875 0.2234375
1 0.38125 0.62890625 0.19375 0.2328125
1 0.11796875 0.6296875 0.2046875 0.20625
1 0.87421875 0.88203125 0.1921875 0.2359375
1 0.6234375 0.8796875 0.228125 0.240625
3 0.3796875 0.87578125 0.19375 0.2484375
3 0.1265625 0.8796875 0.225 0.240625