4 0.88359375 0.13125 0.1515625 0.240625
4 0.3734375 0.384375 0.19375 0.215625
4 0.3734375 0.62578125 0.19375 0.2453125
4 0.621875 0.88046875 0.165625 0.2390625
3 0.62265625 0.125 0.1703125 0.2375
3 0.8796875 0.3765625 0.196875 0.215625
3 0.62265625 0.3703125 0.1734375 0.2375
3 0.88125 0.8796875 0.16875 0.221875
3 0.1296875 0.8859375 0.20625 0.225
1 0.3796875 0.13125 0.19375 0.225
1 0.13125 0.1234375 0.178125 0.225
1 0.1296875 0.378125 0.1875 0.221875
1 0.8734375 0.6234375 0.19375 0.23125
1 0.621875 0.63046875 0.2125 0.2234375
3 0.1203125 0.6265625 0.15625 0.225
3 0.36875 0.88203125 0.153125 0.2359375