2 0.13671875 0.12578125 0.1734375 0.2234375
2 0.875 0.13203125 0.178125 0.2140625
2 0.628125 0.621875 0.1875 0.225
0 0.38125 0.12734375 0.2125 0.2328125
0 0.12421875 0.62734375 0.1921875 0.2328125
0 0.3734375 0.628125 0.221875 0.228125
0 0.1265625 0.875 0.19375 0.225
4 0.625 0.121875 0.1875 0.215625
4 0.13203125 0.38125 0.2015625 0.215625
4 0.87109375 0.38125 0.2140625 0.215625
4 0.884375 0.625 0.2125 0.225
4 0.3703125 0.87578125 0.16875 0.2484375
4 0.8734375 0.88359375 0.190625 0.2328125
3 0.3765625 0.3765625 0.184375 0.225
3 0.62265625 0.38125 0.1734375 0.225
1 0.6203125 0.88046875 0.1875 0.2390625