2 0.12734375 0.128125 0.2234375 0.240625
0 0.37578125 0.128125 0.2328125 0.2375
2 0.6234375 0.1265625 0.221875 0.246875
3 0.878125 0.13046875 0.23125 0.2328125
3 0.134375 0.3703125 0.20625 0.2375
1 0.36875 0.371875 0.23125 0.21875
2 0.6265625 0.3828125 0.2 0.209375
0 0.884375 0.3796875 0.2 0.196875
1 0.1234375 0.62578125 0.196875 0.2328125
0 0.375 0.63125 0.240625 0.2375
4 0.6203125 0.62890625 0.221875 0.2234375
4 0.8859375 0.628125 0.225 0.240625
0 0.1234375 0.878125 0.228125 0.24375
0 0.37421875 0.878125 0.2109375 0.24375
4 0.6546875 0.87734375 0.18125 0.2453125
2 0.878125 0.878125 0.20625 0.24375