1 0.12421875 0.12578125 0.1703125 0.2453125
1 0.878125 0.12734375 0.18125 0.2328125
1 0.1203125 0.3734375 0.190625 0.228125
1 0.12578125 0.6265625 0.1921875 0.24375
1 0.128125 0.884375 0.178125 0.23125
1 0.8796875 0.8796875 0.1875 0.21875
2 0.3828125 0.1296875 0.184375 0.21875
2 0.63125 0.1234375 0.2125 0.228125
3 0.3765625 0.375 0.15 0.23125
3 0.625 0.37421875 0.21875 0.2453125
0 0.88046875 0.37734375 0.1921875 0.2328125
0 0.6296875 0.63125 0.18125 0.215625
4 0.3828125 0.6265625 0.178125 0.225
4 0.875 0.6453125 0.19375 0.21875
4 0.37109375 0.87890625 0.1828125 0.2359375
4 0.6265625 0.884375 0.19375 0.228125