2 0.1265625 0.13125 0.2125 0.2375
4 0.3765625 0.1234375 0.225 0.228125
3 0.621875 0.13203125 0.221875 0.2140625
2 0.88359375 0.128125 0.2046875 0.240625
3 0.1125 0.3796875 0.2 0.21875
0 0.375 0.38125 0.2125 0.24375
4 0.6234375 0.3859375 0.196875 0.225
0 0.878125 0.3859375 0.209375 0.24375
3 0.1171875 0.6265625 0.16875 0.225
1 0.36640625 0.6296875 0.2015625 0.2125
3 0.6296875 0.6359375 0.21875 0.2
4 0.88046875 0.63671875 0.2234375 0.2359375
3 0.1234375 0.8765625 0.228125 0.2375
3 0.384375 0.8796875 0.240625 0.240625
4 0.6328125 0.878125 0.20625 0.228125
3 0.8765625 0.8859375 0.215625 0.225