3 0.125 0.12265625 0.16875 0.2328125
3 0.375 0.13515625 0.175 0.2015625
3 0.1203125 0.375 0.2125 0.23125
3 0.3703125 0.3828125 0.20625 0.228125
3 0.87265625 0.384375 0.2015625 0.209375
3 0.3640625 0.63125 0.165625 0.221875
3 0.3765625 0.8859375 0.1875 0.228125
3 0.87265625 0.8859375 0.1703125 0.225
4 0.6234375 0.13828125 0.16875 0.2046875
4 0.11875 0.884375 0.178125 0.23125
1 0.621875 0.37890625 0.2 0.2328125
1 0.1203125 0.6296875 0.1875 0.23125
1 0.878125 0.62734375 0.165625 0.2234375
0 0.61875 0.6296875 0.19375 0.228125
0 0.625 0.8859375 0.16875 0.225
1 0.8765625 0.1375 0.1625 0.19375