2 0.1203125 0.1359375 0.20625 0.209375
3 0.3734375 0.1296875 0.23125 0.221875
4 0.6203125 0.1328125 0.215625 0.225
2 0.8703125 0.134375 0.196875 0.20625
0 0.12578125 0.37578125 0.2046875 0.2359375
0 0.3765625 0.3828125 0.225 0.221875
2 0.62578125 0.3828125 0.1921875 0.21875
1 0.884375 0.384375 0.209375 0.225
2 0.1203125 0.634375 0.2125 0.21875
3 0.375 0.625 0.20625 0.209375
4 0.6296875 0.6265625 0.21875 0.20625
0 0.88125 0.6296875 0.2125 0.21875
0 0.1234375 0.8765625 0.20625 0.215625
1 0.375 0.88828125 0.21875 0.2140625
1 0.61875 0.884375 0.21875 0.23125
3 0.8765625 0.87734375 0.20625 0.2328125