2 0.3671875 0.38671875 0.209375 0.2046875
2 0.615625 0.1359375 0.1875 0.20625
2 0.8671875 0.6265625 0.184375 0.184375
4 0.1078125 0.3984375 0.2 0.215625
4 0.8609375 0.875 0.1875 0.196875
4 0.86875 0.14140625 0.184375 0.2015625
2 0.8640625 0.37578125 0.2 0.2015625
4 0.6140625 0.6234375 0.196875 0.2
4 0.365625 0.63046875 0.190625 0.1921875
0 0.121875 0.646875 0.215625 0.1625
1 0.60625 0.8734375 0.209375 0.225
3 0.6046875 0.3765625 0.159375 0.2
3 0.12421875 0.1390625 0.1609375 0.196875
3 0.12265625 0.8890625 0.1828125 0.2125
3 0.365625 0.8796875 0.2125 0.23125
0 0.36953125 0.11875 0.2015625 0.2125