2 0.8734375 0.12734375 0.2 0.2234375
0 0.3703125 0.3828125 0.1875 0.221875
0 0.8921875 0.884375 0.178125 0.21875
1 0.1328125 0.378125 0.209375 0.209375
1 0.3859375 0.63671875 0.184375 0.2328125
4 0.134375 0.8828125 0.190625 0.23125
4 0.38359375 0.88203125 0.2015625 0.2328125
0 0.3828125 0.134375 0.18125 0.209375
4 0.87421875 0.37578125 0.2046875 0.2359375
3 0.61796875 0.359375 0.2046875 0.19375
3 0.6234375 0.1359375 0.2 0.221875
3 0.878125 0.61875 0.184375 0.209375
3 0.14375 0.6296875 0.1625 0.2
4 0.6359375 0.87890625 0.190625 0.2234375
1 0.640625 0.63125 0.19375 0.221875
0 0.1375 0.1296875 0.209375 0.240625