2 0.13359375 0.13125 0.1828125 0.209375
2 0.3734375 0.1140625 0.175 0.20625
2 0.8828125 0.1171875 0.165625 0.184375
2 0.378125 0.384375 0.196875 0.18125
1 0.6203125 0.1359375 0.159375 0.19375
1 0.1453125 0.61328125 0.1875 0.2015625
1 0.38203125 0.871875 0.1921875 0.20625
0 0.628125 0.384375 0.1625 0.18125
0 0.8890625 0.6203125 0.1625 0.184375
0 0.6234375 0.8828125 0.18125 0.196875
3 0.13125 0.38515625 0.18125 0.2015625
3 0.87265625 0.3796875 0.1390625 0.2
3 0.37734375 0.6234375 0.1921875 0.2125
3 0.63125 0.61953125 0.20625 0.2046875
3 0.115625 0.8671875 0.225 0.2125
3 0.88203125 0.9015625 0.1609375 0.19375