3 0.1421875 0.14453125 0.16875 0.2140625
3 0.378125 0.1234375 0.19375 0.20625
3 0.884375 0.128125 0.159375 0.196875
3 0.1359375 0.37734375 0.1875 0.2234375
3 0.625 0.8828125 0.178125 0.19375
3 0.8890625 0.8859375 0.190625 0.196875
3 0.375 0.62734375 0.184375 0.2046875
0 0.621875 0.121875 0.19375 0.18125
0 0.37890625 0.86875 0.2046875 0.209375
2 0.3984375 0.38515625 0.18125 0.2015625
2 0.62890625 0.378125 0.1703125 0.19375
1 0.86875 0.3796875 0.15625 0.2125
1 0.88359375 0.62734375 0.1734375 0.2140625
1 0.65234375 0.6296875 0.1703125 0.20625
0 0.1296875 0.628125 0.16875 0.215625
3 0.1265625 0.884375 0.1875 0.196875