2 0.38125 0.1265625 0.1875 0.215625
2 0.3765625 0.6421875 0.19375 0.2
2 0.3734375 0.884375 0.2125 0.21875
4 0.87265625 0.3640625 0.1828125 0.2125
4 0.14140625 0.6171875 0.2140625 0.209375
2 0.6375 0.134375 0.190625 0.215625
2 0.1421875 0.37734375 0.190625 0.2140625
2 0.134375 0.8859375 0.19375 0.184375
4 0.38671875 0.3890625 0.1828125 0.20625
4 0.62109375 0.64609375 0.1734375 0.2140625
3 0.6359375 0.884375 0.190625 0.209375
3 0.86328125 0.89375 0.2078125 0.2125
3 0.89296875 0.63203125 0.2140625 0.2015625
3 0.13203125 0.1234375 0.2015625 0.20625
3 0.628125 0.3796875 0.2 0.225
3 0.89765625 0.13046875 0.2015625 0.2140625