2 0.121875 0.11640625 0.14375 0.1828125
2 0.6171875 0.3796875 0.1875 0.2
2 0.371875 0.6265625 0.184375 0.184375
2 0.63125 0.63671875 0.175 0.2046875
2 0.37734375 0.3796875 0.1734375 0.190625
4 0.1390625 0.8921875 0.178125 0.209375
4 0.375 0.1359375 0.2 0.19375
1 0.61328125 0.13359375 0.1609375 0.1921875
1 0.128125 0.3625 0.196875 0.19375
3 0.1359375 0.63984375 0.175 0.2046875
3 0.37734375 0.8828125 0.1921875 0.196875
3 0.6234375 0.878125 0.159375 0.215625
3 0.8890625 0.61640625 0.1625 0.2015625
3 0.87734375 0.8875 0.1703125 0.18125
3 0.8734375 0.1390625 0.16875 0.178125
3 0.8859375 0.38125 0.1625 0.209375